536
4
415
1
557
1
1
3
70
3
252
1
25
4
11
2
1
3
227
1
43
1
100
2
165
3
62
5
135
2
2
1
115
2
20
3
6
1
1
3
2
4
54
2
31
1
122
3
12
1
312
5
60
3
140
2
140
4
5
1
1
3
1
4
70
1
224
1
221
1
30
2
56
3
140
2
141
3
3
2
1
4
1
6
263
1
56
1
221
1
4
2
52
3
143
3
137
6
1
4
3
4
213
1
126
1
231
3
17
1
26
4
306
5
1
4
2
6
1
1
271
1
34
1
245
2
44
3
146
4
135
4
1
4
3
3
1
2
24
1
65
1
64
1
215
1
162
4
40
3
150
2
136
3
1
4
2
4
2
2
423
1
152
1
4
3
32
5
152
4
133
15
1
1
1
3
553
1
24
2
3
2
30
4
152
1
32
1
104
5
1
4
1
2
1
2
221
2
106
1
115
2
134
2
3
4
23
5
155
4
4
1
125
4
3
2
2
1
1
3
1
1
130
1
242
1
126
1
62
2
3
2
22
4
161
3
131
3
5
2
2
3
1
3
562
1
30
1
20
3
166
2
127
5
1
1
5
3
256
1
162
2
126
1
6
1
13
1
3
3
14
3
172
3
121
5
10
4
275
1
301
5
10
3
2
2
12
3
176
2
122
2
2
1
6
3
275
1
277
1
4
2
14
2
4
1
4
4
177
1
1
4
116
5
7
2
2
1
215
1
61
1
210
1
64
2
20
4
3
5
202
3
117
4
10
3
1
1
530
1
70
3
4
3
202
2
121
3
1
2
5
4
625
3
1
3
202
2
120
7
7
2
36
2
256
2
267
2
16
2
1
3
177
1
1
2
123
4
7
3
217
1
137
1
232
1
21
3
174
1
126
4
7
4
347
1
266
2
172
2
22
1
3
1
76
4
10
3
616
1
17
1
1
3
165
2
23
1
11
1
3
1
66
5
7
3
617
3
20
3
162
2
22
2
20
1
63
5
7
3
264
2
331
1
2
5
15
1
2
2
155
3
21
3
20
5
45
2
11
4
7
3
310
1
314
3
176
1
22
2
23
4
60
5
7
3
34
1
571
4
173
1
21
3
22
4
63
4
6
3
262
1
540
1
23
2
22
4
64
4
7
3
144
1
63
1
426
1
75
2
43
1
21
3
22
4
67
2
7
3
170
1
602
1
24
2
22
3
21
5
33
4
1
2
25
3
7
3
1015
2
27
4
14
4
40
2
2
1
24
3
7
4
1053
3
6
5
36
3
2
2
24
5
6
3
1003
4
2
1
45
4
1
3
40
2
32
4
7
2
324
1
506
1
73
2
33
4
6
2
1027
2
75
5
32
2
7
2
1051
2
52
3
1
2
32
4
167
1
744
2
2
1
33
4
2
1
1
1
1066
1
36
4
1
1
33
6
554
1
313
5
100
4
1067
4
5
1
73
4
1066
5
23
7
13
2
32
5
2
2
424
1
435
3
24
3
4
3
1
3
22
3
15
2
3
2
246
1
104
1
506
3
6
1
6
1
17
1
3
1
2
5
33
3
1066
5
13
1
4
2
11
2
6
4
40
2
31
1
1053
2
4
2
3
1
6
3
1
2
1127
4
5
3
5
2
5
2
11
2
5
4
147
1
417
1
332
3
10
1
5
2
2
2
3
2
22
3
704
1
213
4
4
1
2
2
13
1
13
2
10
5
345
1
547
4
4
1
5
2
4
2
16
2
12
4
1114
4
23
4
11
2
16
3
1112
3
4
1
4
3
24
2
21
2
362
1
523
1
2
5
6
2
27
1
2
2
16
4
1103
1
1
6
20
1
11
6
1
4
1123
1
1
4
7
2
25
13
20
3
1077
1
1
3
1
2
4
2
7
1
16
4
1
7
20
4
1077
4
35
5
1
3
6
3
13
4
365
1
510
5
4
1
3
1
2
1
20
6
1
3
3
6
20
3
1071
7
2
1
27
7
1
2
12
5
13
2
1067
2
1
5
3
1
3
1
24
6
1
3
1110
1
14
4
4
1
1
1
4
2
14
2
3
6
1
3
20
5
1077
4
5
2
27
7
1
3
22
5
606
1
266
3
2
1
1
2
5
1
23
3
1
3
1
3
24
2
1075
3
11
2
15
1
5
11
1
3
25
2
406
1
464
3
4
1
2
2
26
10
2
3
1117
2
1
2
4
1
3
3
27
7
1
3
405
1
503
5
11
3
2
2
24
1
2
2
1
3
2
3
34
2
35
1
1010
6
50
1
5
3
3
1
415
2
465
4
11
1
13
2
24
1
1120
4
5
3
13
4
1147
2
11
1
3
1
5
2
3
2
17
3
11
1
1110
2
20
2
5
2
100
1
1037
1
35
4
1136
3
24
1
6
5
1135
6
30
6
52
1
1010
1
44
13
30
5
1130
13
30
5
1131
12
31
4
60
1
1052
7
33
4
56
2
1010
1
41
6
34
4
326
1
475
1
105
6
34
5
1131
6
34
6
46
1
733
1
2
2
121
5
37
4
771
1
124
1
11
5
37
2
1071
1
15
1
22
4
2
4
34
2
602
1
131
4
114
1
53
4
2
4
32
5
1035
1
71
4
2
4
33
4
346
1
341
1
217
4
3
3
31
6
503
1
160
1
76
6
12
2
122
4
4
2
31
7
42
2
373
1
222
1
70
1
3
3
21
1
123
4
2
4
30
3
3
1
230
1
417
2
107
1
20
3
123
5
35
6
13
1
13
2
677
1
27
2
11
2
7
2
123
5
35
5
632
1
125
2
13
1
4
2
122
1
3
10
27
3
2
2
15
1
17
2
1
2
557
1
2
1
147
2
117
1
11
2
2
4
1
2
27
2
3
2
35
1
1
1
4
2
40
1
502
4
3
2
265
2
3
2
2
2
3
5
1
5
2
2
31
4
4
2
11
2
2
2
565
3
144
1
12
1
107
4
7
2
4
4
1
6
1
1
1
1
30
5
1
4
21
1
564
2
156
3
10
3
74
4
2
3
2
1
10
6
1
4
27
5
1
5
7
3
2
1
12
1
546
1
157
3
3
5
4
4
77
1
6
2
1
2
3
2
4
14
24
6
1
5
15
1
4
2
3
5
565
1
131
1
1
2
4
6
3
4
110
3
12
11
27
5
1
5
35
1
37
1
450
1
202
3
1
3
1
3
2
1
1
1
3
4
131
10
17
20
130
1
414
2
203
3
5
2
12
2
132
5
12
2
6
1
2
6
1
6
545
1
3
2
177
2
114
1
40
14
5
2
3
2
1
6
1
7
74
1
423
1
345
4
2
2
34
1
3
12
6
1
4
5
1
7
5
2
3
2
536
1
314
4
44
6
20
12
6
6
544
2
245
1
40
5
43
7
2
2
2
3
11
1
3
1
11
2
2
2
524
1
327
4
3
2
36
11
36
2
2
3
564
1
266
5
3
1
37
11
21
1
1
1
11
3
1
2
565
1
267
5
2
1
40
11
16
3
13
3
1
4
563
1
267
3
5
2
2
1
13
1
17
11
36
2
1
3
27
1
473
2
16
2
16
1
226
1
40
3
3
4
36
7
22
3
13
2
1
3
543
2
31
3
252
5
16
1
24
11
20
1
3
1
11
2
2
2
523
2
2
1
13
2
27
4
254
5
4
1
10
1
25
12
1
2
13
1
15
2
2
3
535
2
3
2
17
2
5
4
255
5
3
2
36
10
2
1
1
1
20
3
6
3
2
3
523
1
15
3
1
1
15
1
4
5
256
5
4
3
14
1
12
3
2
7
2
3
15
3
11
4
1
3
301
2
115
1
101
2
15
3
24
5
256
5
5
3
7
2
16
2
2
7
2
1
3
1
13
3
11
4
1
2
544
1
24
5
256
6
36
2
2
7
2
1
6
1
11
3
12
2
2
3
542
2
23
5
257
6
36
1
3
11
22
2
1
3
5
2
2
3
522
2
17
1
23
4
260
5
16
2
17
1
3
10
2
1
20
2
7
1
1
3
2
2
522
2
17
2
17
1
2
4
261
5
16
1
23
10
3
3
23
1
4
3
2
2
524
1
2
2
13
1
21
1
1
4
260
4
17
3
21
15
27
2
2
2
1
3
523
1
2
2
13
1
17
2
3
2
262
1
4
2
13
2
23
10
2
2
4
1
21
1
1
1
6
3
526
1
40
4
323
2
3
10
1
2
20
3
1
3
4
3
1
3
542
1
24
4
307
1
20
10
1
4
31
3
1
3
527
1
37
4
330
7
26
1
1
1
10
1
2
2
527
1
13
2
2
1
14
2
2
3
327
10
22
2
2
1
11
2
2
2
527
1
14
1
20
2
1
3
326
4
2
5
2
1
17
3
11
2
2
4
525
2
14
1
23
2
264
4
34
6
4
4
1
1
15
2
4
3
6
2
2
3
525
2
5
2
4
1
20
2
3
3
260
4
1
3
31
3
1
2
3
1
2
2
10
1
13
1
1
1
10
3
1
2
524
1
12
1
24
2
3
3
260
5
1
4
27
7
2
1
2
6
24
1
2
1
4
2
2
3
522
2
16
1
17
2
2
4
260
5
1
4
26
7
3
1
2
2
2
2
16
2
13
3
2
3
522
2
31
1
4
2
3
2
262
5
1
4
24
11
2
3
1
6
21
2
10
3
1
3
522
3
15
2
16
2
3
2
1
1
260
5
1
4
24
11
2
3
2
4
1
2
31
7
530
1
36
2
1
1
261
4
1
5
23
10
4
2
1
4
36
7
523
1
3
1
32
2
3
4
260
4
2
5
24
5
2
2
1
2
2
4
20
1
14
3
1
3
523
1
3
1
4
1
5
2
17
1
5
2
260
5
1
2
13
1
13
7
4
2
1
4
20
1
10
2
3
2
2
3
522
1
3
1
37
3
261
5
1
4
25
7
5
2
1
1
1
2
20
2
13
3
1
3
526
1
37
3
262
10
5
1
20
7
5
2
2
2
2
1
33
3
1
5
542
1
22
2
1
1
261
3
1
4
4
3
17
6
6
2
1
3
2
4
11
1
10
1
4
11
522
1
17
1
1
1
20
2
1
1
261
2
2
1
1
3
3
3
17
10
4
1
2
5
17
1
13
3
2
4
525
2
33
1
3
1
1
1
261
4
33
7
5
6
1
2
2
1
27
3
1
4
522
1
2
2
13
1
22
2
264
5
32
6
5
7
2
4
7
2
2
1
13
7
522
1
3
1
13
1
16
3
267
5
33
7
3
2
2
3
2
2
11
2
16
3
1
3
522
1
3
1
4
1
6
1
17
2
2
1
264
5
7
2
23
6
3
3
1
3
2
1
13
2
15
3
2
3
541
2
17
2
2
2
263
4
2
6
24
7
3
2
1
4
16
1
2
2
2
1
6
4
1
4
533
1
26
1
2
2
263
4
2
3
30
7
2
6
2
2
13
2
1
2
11
4
1
4
525
1
37
2
263
10
32
7
2
2
1
3
17
2
14
10
522
1
2
2
12
2
6
1
10
1
3
3
262
7
32
10
1
2
2
1
20
2
14
10
522
1
4
1
11
2
24
2
262
3
1
3
33
12
2
2
3
2
12
2
14
4
2
2
526
2
12
1
310
3
2
2
34
6
3
1
2
2
2
1
13
2
4
1
3
1
4
3
2
3
526
1
12
3
2
1
304
3
1
2
34
6
3
1
1
3
35
4
1
2
524
1
2
2
323
3
1
2
35
6
1
3
1
4
16
1
1
1
1
1
4
1
3
4
1
4
520
3
3
1
33
1
267
3
1
2
35
6
2
2
1
3
3
3
11
2
6
1
5
3
2
3
162
1
337
1
2
1
40
1
1
1
262
2
1
3
35
6
5
2
1
2
14
2
14
10
522
1
4
1
12
1
20
2
266
3
1
2
35
7
2
1
2
2
7
2
5
4
12
4
1
4
535
2
3
1
17
2
266
3
1
3
35
6
2
1
2
2
2
1
13
2
7
3
3
3
1
4
521
2
3
1
5
3
3
1
17
1
267
3
1
3
36
6
1
2
1
5
23
1
4
1
2
2
2
3
521
2
37
3
4
1
261
3
1
2
36
6
1
1
2
13
5
2
5
3
6
3
1
3
562
2
267
3
1
2
37
5
2
10
1
5
15
3
4
3
1
4
1053
2
1
3
36
11
1
3
14
1
17
4
1
4
525
1
12
2
310
2
2
2
37
6
4
2
1
2
6
1
4
2
7
1
4
4
1
4
522
1
37
1
1
1
265
3
1
2
40
5
1
1
2
3
10
1
3
1
16
4
1
4
522
1
16
2
16
1
270
3
1
3
37
6
3
4
2
1
4
1
4
2
5
4
4
4
1
3
526
1
13
1
307
7
40
5
1
1
3
2
14
3
4
2
7
3
1
3
526
2
32
2
4
1
262
6
40
6
1
2
1
4
3
3
1
1
2
3
15
3
1
3
527
2
32
2
3
1
262
3
1
2
41
5
2
1
1
3
10
1
2
3
15
3
1
3
527
1
32
3
266
3
1
2
41
5
2
1
1
2
2
1
2
1
3
1
2
2
7
1
6
4
1
2
522
1
4
1
13
2
13
1
273
2
2
1
41
6
4
7
7
2
1
3
4
1
4
4
1
2
545
1
306
2
2
1
42
6
4
2
1
1
12
2
3
2
2
1
4
4
1
2
527
2
33
2
257
1
6
3
1
2
41
6
4
6
10
1
16
6
531
2
4
1
24
3
256
2
5
7
41
5
2
1
1
3
6
3
2
2
4
4
5
4
1
1
531
1
33
2
3
1
252
2
5
7
41
6
1
1
2
4
1
1
3
2
2
3
10
1
3
4
1
1
531
1
33
4
256
2
4
3
1
3
37
11
2
4
2
1
6
2
5
3
6
3
570
1
256
4
4
4
2
2
6
1
27
10
2
1
1
4
11
2
12
1
2
5
531
1
6
2
4
1
16
4
254
1
1
3
3
5
1
4
35
7
2
1
1
4
4
2
2
3
6
2
6
3
567
1
256
2
1
2
3
5
2
2
6
2
26
10
1
1
2
3
11
2
2
1
5
1
5
3
1046
2
1
2
4
4
4
1
7
5
21
3
2
3
4
5
11
2
14
4
567
2
254
2
1
2
4
1
6
4
4
6
21
3
3
3
3
5
2
2
3
3
1
2
5
1
4
4
547
2
16
2
254
2
2
2
12
4
4
6
21
3
4
3
1
1
1
4
4
1
22
4
526
1
20
2
16
2
255
2
1
2
12
6
2
6
22
3
1
1
1
3
4
5
5
3
4
3
6
4
567
3
255
1
1
2
13
5
2
7
21
4
3
5
1
5
2
2
3
2
4
2
7
3
571
1
255
2
1
1
14
5
2
6
21
4
2
1
1
4
2
5
12
1
12
3
535
1
33
1
255
2
1
1
14
5
1
7
21
4
2
1
1
3
4
7
3
3
15
2
531
1
17
1
14
1
2
2
254
2
1
2
13
5
2
6
21
5
4
3
1
1
2
7
2
2
2
1
3
3
5
2
531
1
3
1
13
1
14
1
2
2
254
2
1
2
14
4
2
6
22
5
3
4
1
2
2
4
7
1
13
2
531
1
12
1
24
3
253
2
2
1
14
5
2
5
22
5
2
1
1
4
4
5
11
2
7
2
531
1
17
2
14
4
255
2
1
2
13
5
2
6
22
4
5
4
1
2
2
3
2
2
4
1
11
2
531
1
20
2
15
3
254
2
1
2
13
5
1
5
24
4
3
6
2
2
1
4
21
2
531
2
40
1
254
2
1
2
14
4
1
4
25
5
2
2
2
3
2
2
13
1
2
2
6
1
553
1
3
1
11
3
4
1
250
1
1
2
14
4
1
4
25
4
5
1
1
4
6
2
2
2
2
1
1
3
6
1
531
1
21
1
17
1
255
1
1
2
14
3
1
4
26
7
2
2
1
4
5
2
554
2
13
1
301
2
1
2
5
2
4
3
3
3
26
5
4
2
1
3
2
2
3
3
3
1
4
2
554
2
24
1
256
2
6
3
7
4
26
5
4
2
1
5
5
2
7
1
547
1
7
2
23
2
254
1
1
2
17
1
1
1
5
3
1
2
16
4
5
2
1
5
6
1
5
3
2
1
553
2
23
2
254
2
1
1
11
2
5
2
5
3
1
2
16
4
6
2
1
4
10
2
1
2
544
2
36
3
254
2
1
2
5
5
7
3
2
2
2
2
16
4
7
1
2
5
561
1
36
2
254
2
1
2
5
3
11
4
1
2
1
3
16
5
10
6
7
2
607
2
1
1
252
2
2
1
5
5
1
2
3
5
1
6
17
4
7
2
2
5
4
1
6
2
542
1
36
4
253
1
2
1
5
5
2
1
4
4
1
6
17
4
13
5
12
3
555
1
5
1
1
1
13
1
1
4
252
1
1
1
5
7
2
1
2
4
1
6
17
5
10
2
2
5
11
2
603
4
252
1
1
2
5
6
5
3
2
6
17
4
16
5
10
2
547
1
13
1
17
4
252
4
5
5
13
6
17
5
17
5
6
1
564
2
16
4
252
2
1
1
5
7
6
2
1
6
17
5
20
3
1
2
6
1
2
2
600
2
252
2
1
2
4
7
6
1
2
6
17
5
21
3
3
3
3
2
541
1
16
2
20
4
250
2
1
2
4
6
7
1
2
6
17
6
22
5
2
3
3
1
536
2
17
1
20
4
251
1
2
1
4
6
3
1
3
1
2
6
17
4
30
6
563
1
20
2
256
1
5
6
11
6
17
4
33
7
237
1
340
3
264
1
14
3
1
3
17
4
32
10
560
1
17
4
1
1
275
11
53
10
545
1
33
4
1
1
261
1
14
3
1
3
52
13
600
6
275
4
1
3
50
12
603
6
276
7
50
11
606
3
303
1
2
1
2
3
31
2
2
2
2
13
565
1
17
3
2
1
346
2
1
11
570
1
17
6
143
1
202
2
1
6
4
3
564
2
16
1
155
1
6
2
6
1
153
1
4
6
6
3
543
2
16
3
15
2
154
1
6
2
141
2
24
7
6
3
542
1
21
1
16
2
164
2
140
1
17
1
4
4
7
5
542
1
21
1
17
1
150
1
6
1
144
2
25
5
604
1
13
2
351
3
14
1
544
1
24
2
12
2
150
2
4
2
171
2
2
3
567
2
7
1
13
4
156
2
2
1
165
3
2
3
555
1
11
2
22
4
147
2
21
2
163
2
2
2
564
1
24
3
145
4
20
2
156
2
5
2
565
3
23
1
147
4
20
3
154
1
7
2
5
2
556
2
27
1
145
2
21
2
156
2
5
3
565
1
25
2
1
3
141
4
7
2
10
2
163
3
515
1
103
3
137
3
10
2
173
5
5
2
511
3
24
1
20
3
26
3
152
1
10
1
154
1
6
6
3
1
505
2
6
1
44
4
26
4
342
1
3
1
4
1
530
3
22
2
10
2
31
2
140
2
175
1
2
1
14
1
516
2
4
2
23
4
6
3
30
2
140
2
211
1
4
2
512
4
2
4
24
3
6
3
24
1
4
1
155
3
106
1
15
3
37
1
526
3
4
3
2
2
20
3
4
4
30
2
141
1
13
1
107
4
2
1
10
4
36
1
4
2
517
4
3
4
24
3
5
3
30
3
12
1
130
3
4
5
4
1
77
3
4
1
10
4
36
1
3
1
476
1
23
4
3
3
26
1
5
4
27
4
4
1
132
1
1
4
3
10
2
2
103
4
50
2
527
1
5
3
24
2
7
3
27
3
137
3
2
1
3
1
121
2
3
2
44
2
535
2
17
1
16
3
23
1
3
3
140
1
103
1
2
3
12
1
3
4
1
3
22
5
24
1
531
1
35
3
25
5
144
1
123
3
1
1
26
4
13
3
522
1
53
2
27
4
256
1
12
1
31
5
6
2
526
3
52
4
24
3
260
1
44
5
12
3
522
3
52
2
24
3
261
1
3
1
40
6
13
1
576
3
23
5
1
1
1
1
254
1
3
1
40
6
13
1
525
2
51
2
23
7
256
1
2
1
40
6
12
3
601
2
22
6
256
1
2
1
41
5
11
4
603
3
5
1
12
5
256
2
43
5
13
1
565
2
17
1
20
5
256
2
43
5
13
1
4
1
564
2
13
2
5
1
11
5
256
2
43
5
11
3
573
1
12
2
16
6
257
1
44
5
11
4
2
1
601
2
16
3
1
1
260
1
44
4
12
4
1
2
110
1
470
2
16
3
262
1
44
4
13
1
4
1
423
1
135
1
40
2
327
5
11
4
605
2
16
3
326
5
3
1
6
3
571
2
13
1
17
3
325
5
12
2
606
2
16
3
262
1
43
4
4
1
6
3
2
4
557
2
13
1
2
2
347
5
3
1
6
3
2
3
561
1
17
1
13
2
4
1
327
7
6
2
4
2
3
1
562
1
6
1
3
2
11
1
5
2
326
10
6
2
2
2
3
3
570
2
21
5
326
5
2
1
6
1
2
2
3
3
576
3
15
1
330
5
11
1
6
2
601
2
15
3
327
4
2
1
15
1
566
1
12
3
14
4
327
4
2
1
604
1
13
2
15
3
327
7
10
1
570
1
16
2
15
3
327
7
6
5
151
1
433
3
15
2
1
1
325
7
4
5
575
1
12
1
347
7
3
5
1
2
607
1
346
6
3
7
4
3
602
2
15
3
326
4
2
6
1
2
2
3
564
1
37
2
326
5
1
6
574
2
36
2
326
13
505
1
67
1
37
2
326
12
576
1
20
1
16
2
326
12
4
1
470
1
115
1
3
2
15
2
326
7
3
5
2
1
566
2
36
2
327
5
2
6
632
2
326
5
1
7
1162
5
2
3
621
1
344
4
11
1
606
1
6
1
17
1
322
25
570
1
12
1
4
2
3
1
12
1
320
30
1
4
562
2
17
1
336
32
573
1
13
2
15
2
315
24
4
1
630
2
313
12
3
2
2
2
7
2
1
4
577
2
2
2
331
12
26
1
564
2
13
2
2
1
15
2
310
10
620
1
2
2
13
1
326
6
634
3
4
1
16
2
305
5
645
1
324
5
26
1
577
1
343
5
3
2
623
2
11
2
307
1
14
23
653
2
263
1
12
27
3
2
453
1
170
1
262
1
1
2
10
14
1
20
2
2
1123
24
7
1
6
4
5
1
2
2
610
1
5
2
16
2
255
25
27
2
1
3
1
1
623
1
11
2
243
37
33
1
2
2
555
1
31
1
23
3
236
44
3
2
40
2
546
1
40
1
15
2
232
61
31
1
2
2
573
1
13
1
15
2
230
77
11
2
5
2
573
1
31
4
224
105
340
1
531
27
3
5
1
55
5
2
322
2
3
2
6
1
512
23
1
4
4
1
5
2
2
2
20
1
10
16
2
4
300
1
5
4
2
2
1
20
2
2
2
1
261
2
221
17
1
5
13
1
17
2
2
3
1
2
4
4
3
22
273
65
2
5
220
2
14
4
217
12
1
3
4
2
23
2
14
1
7
2
2
3
6
1
6
7
273
102
1
2
171
1
255
10
1
2
4
1
4
3
53
1
3
1
2
2
11
1
3
1
267
106
1
11
2
2
167
1
24
2
216
5
53
1
3
1
4
1
1
1
321
134
3
2
12
1
135
1
251
4
2
1
72
2
6
2
7
2
270
144
3
2
2
2
407
4
36
1
3
1
15
1
6
1
1
1
4
1
306
162
127
1
33
4
260
2
2
1
22
2
30
3
256
172
162
2
273
1
1
1
22
2
4
1
271
201
137
1
321
3
4
5
26
1
252
203
5
1
361
3
21
1
44
10
1
1
10
1
270
1
1
205
152
3
206
6
22
1
44
3
2
1
1
1
301
212
5
2
117
1
2
1
17
1
205
6
16
2
33
2
25
2
4
1
17
1
201
1
45
42
3
25
12
1
13
75
2
3
2
1
136
2
203
12
4
1
10
1
42
2
4
1
24
1
12
1
246
27
3
6
25
1
2
27
15
2
5
5
2
51
2
2
341
15
1
2
3
1
11
1
23
1
2
2
321
24
36
56
1
1
15
53
107
1
1
1
4
1
13
1
204
13
2
1
44
2
6
1
313
22
37
76
1
1
2
53
133
1
176
6
5
2
22
1
20
2
4
2
7
1
25
2
261
14
42
104
10
50
107
1
16
1
176
7
57
2
314
1
2
15
40
113
7
50
124
1
174
5
400
16
41
117
7
47
13
1
2
1
56
1
23
2
171
6
73
1
307
14
37
124
11
1
7
42
1
11
54
1
24
1
171
5
37
2
13
1
10
1
11
1
302
13
42
27
6
3
1
4
2
2
1
26
1
4
2
15
4
3
14
26
1
5
2
22
73
1
167
4
67
2
7
2
300
13
43
27
37
3
6
3
4
1
4
33
6
15
3
3
1
30
1
1
34
1
16
1
20
1
164
3
66
1
15
1
3
1
6
1
2
2
260
12
42
22
2
2
50
15
6
1
3
26
5
7
6
2
7
30
72
1
164
3
62
2
11
1
10
1
2
2
4
1
2
31
226
14
42
16
2
1
50
30
13
23
37
21
70
3
162
4
71
1
10
52
225
13
42
16
50
2
2
33
2
5
10
1
2
16
2
3
3
3
25
15
51
1
15
2
163
4
67
2
1
2
2
56
225
11
42
13
45
1
6
54
10
54
5
5
54
1
200
5
70
65
224
12
42
12
57
55
5
57
57
1
3
1
16
2
156
6
1
1
45
3
4
1
5
1
1
61
1
2
226
13
41
12
55
1
1
61
4
13
7
4
1
33
13
1
63
1
156
7
57
42
1
4
17
4
2
2
220
13
45
4
14
1
17
1
22
32
1
2
1
30
3
11
16
36
32
3
13
1
200
6
40
2
16
32
23
1
4
16
222
11
43
2
60
33
7
26
1
1
4
5
10
1
13
36
17
1
2
2
2
5
17
1
15
1
154
6
54
27
23
1
4
1
6
1
240
7
44
2
31
3
21
1
5
30
1
3
7
24
15
11
11
33
21
3
1
1
3
4
15
2
13
5
152
3
56
16
24
3
37
1
223
6
43
3
26
2
30
6
2
11
4
1
4
2
1
4
11
21
1
1
7
4
2
11
13
31
14
11
1
5
15
2
15
1
2
1
150
3
21
1
31
16
27
10
257
6
44
1
6
1
24
3
24
1
3
16
5
2
2
2
1
4
12
22
5
21
1
2
2
2
10
24
11
11
4
3
11
1
4
2
14
3
150
2
3
2
37
1
7
15
5
2
15
3
1
15
2
4
241
3
3
2
45
1
2
2
4
1
4
1
16
1
2
1
24
2
2
11
12
2
16
4
1
20
10
1
4
27
1
2
7
17
11
4
6
3
1
1
37
2
1
1
143
3
50
14
5
7
4
2
4
33
3
1
14
1
214
6
4
1
53
3
10
1
23
2
12
1
7
5
12
3
22
3
2
20
16
6
3
22
2
2
3
15
22
3
17
1
21
1
1
1
141
4
47
14
4
11
2
54
225
7
55
1
17
1
3
5
31
10
35
2
2
23
20
2
4
1
2
27
4
11
22
3
13
1
2
2
17
1
1
3
141
4
36
3
3
12
4
100
3
2
215
5
104
1
7
2
6
1
15
5
34
5
6
16
30
31
4
10
36
2
25
4
141
2
35
1
4
13
5
107
213
7
47
3
33
4
25
2
1
2
27
2
2
6
1
2
7
13
32
2
2
27
7
3
45
1
21
3
140
5
11
1
21
15
6
102
1
6
213
7
45
5
4
2
10
2
23
1
13
2
34
7
2
3
2
2
6
17
33
32
76
1
137
14
23
17
3
12
2
51
2
22
1
4
213
5
46
5
24
1
15
1
17
1
2
1
21
24
1
2
11
1
2
2
47
26
234
11
3
4
2
1
13
16
4
13
5
27
17
1
6
1
2
13
3
2
213
5
47
5
11
2
22
1
4
2
40
33
63
2
4
25
4
1
42
1
21
1
1
2
131
14
1
2
6
1
6
13
6
15
2
3
2
22
1
2
37
7
220
5
45
2
1
6
10
1
60
2
12
30
4
1
11
2
53
1
5
22
22
2
16
1
21
5
126
14
1
3
1
2
12
12
3
21
2
5
1
13
5
2
43
6
272
4
4
3
6
1
22
1
45
1
4
20
1
10
5
4
5
1
66
7
1
6
2
1
14
4
4
2
7
2
20
1
2
2
122
20
15
1
2
11
2
1
2
12
6
7
4
5
10
3
271
3
47
4
2
1
11
2
2
1
17
1
26
2
24
12
2
2
1
6
1
3
1
2
1
1
1
4
2
3
67
2
2
11
17
1
44
1
115
25
37
6
4
5
6
3
2
1
2
2
306
1
45
13
42
1
15
2
20
2
5
6
7
12
4
2
30
2
60
2
27
5
4
1
26
2
111
16
26
13
3
1
3
4
6
3
2
5
2
1
3
1
3
1
355
3
2
5
57
1
31
5
10
11
3
4
3
2
2
1
104
5
22
2
2
3
142
12
34
14
22
11
14
1
300
2
50
4
21
1
44
4
16
2
2
1
4
1
14
3
2
3
42
1
66
2
3
2
15
2
141
7
35
2
1
15
3
2
2
24
5
1
305
4
50
1
6
2
5
1
43
1
4
5
5
4
6
3
2
1
15
2
2
5
1
3
126
4
20
1
142
5
34
2
3
1
2
53
4
1
302
4
54
3
12
1
4
1
35
2
1
6
1
3
11
1
2
12
4
2
1
4
2
2
1
4
3
3
2
1
142
1
13
2
167
2
4
51
1
2
305
6
53
1
62
16
7
7
2
2
5
7
6
2
3
2
343
2
2
2
3
2
5
51
24
1
262
6
134
15
1
4
5
15
3
7
4
2
172
2
126
1
33
2
13
42
1
1
312
10
50
1
11
2
6
1
40
17
10
22
2
5
10
1
5
2
2
3
21
1
142
1
114
1
24
1
6
2
5
1
4
36
10
1
3
1
4
1
3
4
12
1
254
11
46
1
64
22
5
13
1
2
2
17
3
4
1
4
37
3
5
2
5
2
55
2
14
3
140
4
1
1
5
1
13
2
6
1
2
16
4
1
12
1
2
1
12
1
276
12
45
1
63
21
10
14
1
17
1
4
2
12
35
2
4
1
7
2
4
1
66
1
2
2
114
4
5
4
3
2
7
2
22
1
10
3
2
3
10
1
4
2
13
3
20
1
261
13
132
20
2
2
3
35
1
17
20
2
1
1
5
1
4
1
15
2
3
2
62
3
3
1
111
20
2
2
7
1
30
1
4
1
3
1
22
11
1
2
2
2
6
1
273
14
44
2
42
1
15
1
4
16
2
3
4
45
10
1
17
1
4
1
3
1
3
2
4
3
5
3
16
2
44
3
4
1
2
1
102
21
1
2
26
1
35
1
2
5
3
1
2
5
2
3
6
2
2
1
57
1
2
5
203
15
36
7
12
1
53
14
2
4
3
17
1
26
45
1
3
1
2
2
2
3
1
1
7
1
2
2
2
2
2
1
44
3
106
25
2
2
54
4
5
2
7
5
2
2
2
1
3
3
11
1
53
11
201
15
37
3
71
1
4
7
2
5
1
1
2
40
30
2
24
3
20
17
33
1
4
3
104
22
7
2
56
11
4
1
13
1
6
1
61
2
1
6
1
4
201
15
42
2
54
2
22
3
2
5
4
40
2
1
5
1
15
3
24
1
7
2
11
23
21
1
15
3
15
4
54
23
2
2
7
2
4
1
24
1
3
1
3
4
2
2
3
3
23
1
6
2
5
1
10
1
42
22
200
17
36
3
30
1
32
2
2
2
15
5
5
31
4
1
6
3
3
2
6
2
42
1
3
4
1
23
40
2
3
4
10
4
50
24
3
1
53
1
6
5
33
3
3
3
51
11
2
4
207
16
36
3
64
3
7
2
4
5
7
34
13
2
2
1
4
12
34
1
4
1
4
17
2
1
2
1
35
1
2
7
4
1
1
5
13
1
32
21
11
1
43
3
47
2
10
1
52
7
5
3
207
20
35
1
60
2
2
12
2
2
2
1
2
2
2
4
5
31
25
13
31
1
11
22
13
1
31
11
4
5
43
21
31
1
13
2
2
1
52
1
4
1
2
3
57
2
225
17
41
5
11
2
13
1
22
2
1
22
4
7
6
20
1
3
23
2
1
16
41
1
2
17
1
2
42
12
6
5
40
16
46
1
46
5
76
2
4
1
223
17
35
3
16
4
2
1
24
1
4
4
1
15
5
11
10
23
24
17
17
1
22
14
3
1
13
1
32
1
2
2
2
3
51
16
1
1
37
1
4
1
44
2
5
2
11
1
62
2
7
2
221
16
41
2
2
1
17
1
2
4
16
2
1
26
3
14
5
3
1
16
24
15
46
12
56
11
45
13
33
1
67
3
2
4
70
1
235
14
51
2
7
2
5
5
15
2
1
23
6
15
10
22
20
15
20
1
26
4
63
13
41
14
105
1
3
3
5
3
10
1
73
2
3
2
2
2
7
2
2
3
202
15
37
2
16
4
1
12
14
27
7
16
6
20
12
3
2
17
45
5
66
14
2
2
31
13
120
1
4
1
120
6
212
13
31
2
16
2
4
17
13
31
5
22
5
17
5
11
1
13
17
1
27
4
71
15
32
13
76
2
11
1
13
2
66
1
11
1
3
1
4
1
2
4
4
1
2
7
204
12
31
3
2
2
4
4
6
22
11
4
1
4
1
5
1
7
7
24
4
16
4
12
5
2
47
2
4
1
6
3
2
2
56
16
23
1
4
13
57
2
12
2
13
1
15
1
73
7
1
2
6
6
3
2
3
4
206
13
26
7
10
2
3
1
2
17
15
14
7
1
11
24
6
15
3
12
7
2
43
2
2
3
76
17
15
1
6
11
52
2
22
1
4
2
5
3
6
5
104
1
26
2
1
4
204
13
26
6
11
2
5
20
1
3
10
7
11
2
16
23
6
13
2
15
2
5
3
1
35
12
4
2
5
2
62
20
20
7
100
1
21
1
2
2
126
1
10
1
5
2
205
11
27
10
16
22
14
4
5
1
22
2
3
24
3
12
3
13
3
7
35
14
1
3
2
1
71
22
15
6
21
1
26
1
14
3
4
1
14
2
4
2
107
7
2
1
2
2
2
2
3
4
2
1
2
11
35
1
146
12
25
10
1
2
13
25
6
5
35
1
2
25
5
10
2
16
1
6
13
1
4
2
13
14
2
3
75
25
33
1
57
1
17
1
13
3
70
1
2
24
5
2
3
2
5
2
207
11
26
11
10
2
4
21
11
2
44
26
5
5
2
14
5
2
6
1
5
4
7
4
1
16
106
22
12
7
52
1
2
2
7
1
3
1
2
2
2
1
2
3
106
1
6
7
2
5
236
13
27
13
6
1
2
24
1
2
53
2
1
26
2
5
2
14
7
3
11
35
107
25
4
15
20
1
17
1
15
2
5
1
3
1
4
1
6
1
21
1
106
1
4
1
22
2
206
12
27
10
11
1
1
27
5
1
47
31
2
4
3
31
2
2
2
14
1
15
22
4
63
27
1
17
51
1
5
1
31
1
10
1
352
12
27
13
11
1
4
17
3
2
54
27
2
4
4
34
3
27
12
1
1
15
57
1
5
2
2
17
1
23
15
4
14
2
11
1
1
1
6
1
21
3
13
1
4
4
42
1
275
12
26
15
16
20
57
2
1
24
2
3
6
24
1
4
5
4
2
5
2
7
15
1
1
16
45
1
10
3
7
17
3
25
31
2
2
1
6
1
3
1
30
1
2
1
11
4
2
3
3
1
2
1
13
1
315
13
25
14
16
17
2
3
56
25
3
3
2
2
2
25
15
16
14
21
64
2
2
17
5
25
2
1
26
1
3
1
4
3
24
2
1
2
4
1
5
1
2
2
1
2
2
2
2
3
16
2
13
1
15
1
3
1
10
1
245
13
25
11
2
2
15
23
57
24
4
1
12
20
1
2
14
4
2
5
20
10
1
11
56
3
7
16
6
32
1
2
5
2
2
5
2
2
3
2
2
3
6
1
4
2
5
1
1
3
3
3
1
2
6
1
4
2
11
1
4
1
10
2
7
1
301
16
23
13
24
12
66
23
10
1
7
15
2
2
17
5
2
5
10
26
52
1
15
22
4
32
1
13
5
4
2
4
5
5
7
11
2
1
3
1
2
3
5
1
1
2
6
3
10
1
2
1
315
17
21
13
2
1
17
2
1
13
26
1
35
23
4
2
3
2
6
17
20
13
3
2
4
25
2
1
23
1
24
1
6
1
12
5
1
3
1
4
7
40
2
6
3
21
3
4
2
2
4
1
11
2
16
2
5
2
46
1
7
1
245
20
22
14
22
16
22
1
40
22
4
3
13
13
1
3
17
13
2
1
3
30
53
1
2
1
3
1
3
1
2
2
2
1
13
2
11
43
2
3
6
11
3
6
7
3
15
1
20
2
2
2
11
1
13
1
274
20
22
12
26
14
63
21
5
1
2
5
6
2
1
4
2
10
5
1
7
13
7
2
1
24
4
1
42
2
11
2
3
5
2
2
4
1
2
2
2
2
11
1
1
37
2
1
3
1
11
13
13
1
4
5
53
1
14
1
2
1
261
5
1
7
1
4
20
3
1
7
14
1
11
2
1
7
1
2
32
2
27
2
1
7
1
5
3
1
1
4
3
2
7
5
1
7
5
2
4
5
1
6
7
2
2
6
3
5
1
7
4
2
46
4
3
2
4
2
4
1
3
5
2
1
4
1
11
7
1
7
1
7
1
3
20
4
1
6
4
1
2
2
13
1
6
1
21
1
15
1
21
1
267
24
16
15
7
3
11
13
22
2
41
2
2
13
4
12
16
4
3
4
1
2
7
5
4
2
11
5
2
2
3
3
2
6
1
4
42
4
16
1
6
6
3
1
10
1
10
27
5
1
13
2
7
4
31
1
44
1
166
1
114
25
16
16
7
3
12
13
65
15
3
7
1
3
12
2
2
14
4
11
2
2
1
2
5
2
2
5
13
2
3
7
33
1
3
1
1
2
12
1
13
1
35
26
20
1
15
1
10
1
13
4
5
4
13
1
2
2
40
1
260
26
15
16
3
10
6
13
64
20
3
1
2
11
6
5
5
2
5
4
4
1
6
5
4
1
10
1
13
4
1
7
4
2
4
1
25
2
4
3
1
1
11
1
3
1
50
17
77
1
340
30
14
30
6
13
67
3
4
6
5
1
3
1
4
4
1
1
3
1
10
1
4
11
13
1
4
2
32
2
7
2
10
2
20
2
2
2
3
2
10
2
2
2
30
1
22
14
57
1
15
1
2
2
13
1
44
1
255
32
1
2
10
26
7
13
73
1
2
5
6
4
3
2
1
2
7
2
16
2
16
2
33
2
6
4
5
2
15
1
6
2
1
4
3
2
1
1
5
4
4
1
57
7
13
1
15
1
17
1
22
1
37
2
302
40
5
27
10
12
73
6
15
4
5
1
4
2
4
1
12
1
4
1
11
2
2
3
31
5
26
5
2
4
1
3
15
2
4
5
55
10
50
1
10
1
62
1
275
36
5
27
7
1
1
12
67
1
4
4
5
1
1
5
2
7
11
3
16
3
12
1
1
1
35
2
6
1
7
4
1
2
3
3
3
2
24
3
2
6
56
6
37
1
4
2
5
2
4
1
7
2
2
2
2
1
340
42
2
25
7
2
1
12
16
1
46
1
6
2
22
3
2
2
2
1
2
2
1
3
5
1
21
1
6
1
40
2
2
1
1
2
1
2
4
1
4
2
1
15
3
2
4
3
2
2
5
3
57
7
33
1
1
1
10
1
2
4
14
1
16
1
330
1
1
37
3
27
10
11
56
1
24
2
2
1
2
2
2
1
2
7
4
2
2
1
7
2
62
2
13
1
11
2
2
5
4
1
16
2
2
2
2
2
2
1
60
5
53
1
21
1
34
1
20
2
267
40
4
25
11
13
54
1
4
2
16
4
1
13
3
4
2
6
27
5
13
1
27
2
1
2
4
4
2
6
1
1
2
2
14
4
3
2
3
1
3
2
4
1
55
5
13
3
30
1
6
1
3
1
17
1
344
40
2
30
6
13
55
6
13
7
2
7
1
2
2
5
26
1
10
1
2
1
6
2
36
2
7
2
3
2
11
1
10
1
3
1
10
1
5
2
4
1
55
5
6
3
31
2
7
1
3
1
42
1
3
1
317
40
3
27
6
13
50
14
2
4
6
5
1
10
7
1
2
4
105
4
11
3
7
2
4
1
13
2
5
4
2
1
62
5
10
2
1
2
20
1
77
1
311
41
2
32
3
10
51
1
2
20
5
2
1
13
4
4
42
1
4
1
37
1
3
10
4
5
5
7
17
2
1
10
3
2
57
3
25
3
1
1
13
1
23
1
30
1
324
2
1
40
2
32
2
12
47
21
6
20
16
3
10
1
21
1
4
1
3
1
24
1
2
1
3
14
3
4
6
1
26
3
2
2
4
1
23
1
36
2
33
1
2
1
4
2
7
1
13
2
33
1
330
34
3
32
1
12
12
1
32
23
10
16
3
2
7
3
6
1
1
1
67
6
2
7
1
2
6
1
4
2
11
1
12
1
2
1
5
3
7
1
12
1
6
1
24
4
7
2
31
3
11
1
3
1
4
1
367
35
3
27
4
13
6
1
33
23
7
15
2
1
2
2
17
1
2
3
26
1
27
4
1
17
1
4
10
3
22
1
4
4
3
4
2
2
52
4
100
1
360
34
2
30
4
10
40
2
1
24
6
3
4
6
3
2
17
2
27
2
4
5
15
1
2
4
3
6
3
5
2
2
2
1
2
2
11
2
2
3
4
3
3
4
2
2
4
1
31
1
25
4
25
1
4
1
2
1
14
3
11
1
23
1
353
2
1
27
2
30
3
10
1
1
37
24
14
2
1
4
2
3
35
1
17
1
12
3
16
2
3
6
5
4
2
1
11
2
2
2
2
3
7
5
17
1
2
2
4
1
13
1
7
3
14
3
44
1
26
2
366
1
6
26
4
30
3
5
2
2
12
2
20
30
11
1
5
2
15
1
4
1
17
1
12
1
2
1
23
1
11
2
4
14
16
2
2
1
3
1
5
6
1
2
2
2
2
2
1
2
15
1
13
2
25
3
3
1
4
1
3
1
6
3
2
1
4
1
30
2
13
1
366
30
4
27
1
4
13
7
16
31
12
1
114
2
11
2
3
2
2
1
12
1
13
3
2
6
7
1
36
1
11
1
24
2
4
1
4
1
11
2
131
1
25
1
271
27
2
27
2
1
12
12
14
31
26
3
30
1
2
2
13
1
1
1
4
1
1
1
4
2
21
2
16
2
10
1
16
2
3
4
11
1
17
2
5
5
44
1
3
3
5
4
2
1
441
2
2
30
2
26
10
1
3
1
2
11
12
26
3
2
33
1
10
1
14
1
11
4
11
1
36
3
1
5
3
3
14
3
6
1
21
1
10
1
7
3
5
1
4
1
30
1
10
1
42
2
2
1
3
1
413
31
3
24
13
21
4
22
52
2
2
2
12
4
1
6
3
2
2
2
4
1
6
1
33
1
4
7
10
1
6
1
2
2
6
2
36
4
35
1
1
1
26
1
451
33
3
23
12
4
1
10
1
2
2
22
44
1
15
1
4
2
1
13
4
1
2
2
7
1
5
1
11
2
11
2
2
1
6
1
7
2
4
1
3
3
3
6
7
1
10
1
3
1
2
1
4
2
12
2
15
1
22
2
11
2
463
32
4
20
12
3
2
32
33
2
31
3
2
22
20
3
30
1
15
1
17
1
3
1
11
1
5
3
11
3
7
2
6
1
35
1
14
1
13
2
14
1
6
1
426
33
5
20
4
1
10
23
11
2
64
4
4
11
6
3
11
1
1
1
13
2
24
1
15
1
50
1
2
2
5
4
5
2
7
2
104
1
420
36
6
7
2
3
4
3
4
22
10
6
60
3
7
13
2
1
14
3
3
3
1
2
13
1
70
2
15
2
2
1
5
2
21
1
21
1
12
1
2
2
7
1
455
36
4
7
7
12
1
4
1
6
1
3
4
14
34
1
11
1
3
1
5
2
2
2
7
7
2
1
30
2
7
1
6
1
45
1
2
1
2
2
20
5
10
1
6
1
14
1
16
2
11
1
24
1
450
41
17
13
2
3
2
1
2
4
3
15
53
1
7
2
6
14
13
1
4
1
6
1
21
1
103
1
75
3
306
1
156
40
15
14
7
2
5
17
54
2
2
1
3
1
4
1
1
14
2
1
17
1
1
1
15
1
3
1
31
1
25
1
24
1
12
1
11
1
21
1
4
2
16
1
116
1
355
44
10
16
11
22
4
1
3
4
13
1
37
7
2
5
2
1
5
3
7
1
3
1
4
3
3
2
6
2
53
1
24
5
15
1
10
1
4
1
4
2
35
1
11
1
456
1
2
40
7
46
5
1
2
6
34
2
5
1
5
3
2
3
7
2
5
2
10
1
6
1
4
3
4
1
6
2
6
1
42
3
4
1
75
2
31
1
466
45
2
44
5
12
10
1
4
1
26
1
3
1
2
3
7
5
1
2
2
1
2
2
2
1
10
1
13
3
3
1
11
1
6
2
51
1
50
1
14
1
20
1
501
1
2
44
4
40
6
6
36
2
11
1
4
3
10
1
2
7
4
1
26
2
7
2
50
2
2
2
422
1
202
47
2
35
7
12
4
2
36
2
10
3
1
2
6
2
6
2
2
1
21
3
1
1
51
1
6
1
6
2
22
1
50
1
15
1
515
47
1
30
16
1
12
1
40
3
1
2
5
4
22
3
7
2
65
2
2
3
3
1
2
1
626
53
4
23
21
2
4
2
2
1
34
6
15
1
11
2
3
2
20
2
7
1
1
1
25
1
7
2
4
2
3
3
73
3
21
1
516
51
7
17
25
1
50
3
10
1
4
2
3
2
11
1
6
2
2
1
4
1
37
1
4
2
115
1
22
1
12
1
503
52
3
17
7
1
3
1
6
1
7
2
20
2
16
4
14
2
20
1
5
1
3
2
2
1
1
1
32
1
10
1
6
3
15
1
22
2
42
3
545
51
6
11
4
5
25
2
37
6
2
1
15
2
2
1
15
1
3
1
24
1
2
2
13
1
4
7
2
2
76
1
52
1
477
1
2
51
5
4
5
10
1
4
11
1
6
1
33
2
32
2
2
2
5
1
36
1
4
3
4
7
2
3
2
2
100
1
35
1
517
55
2
1
2
1
3
16
14
2
3
2
2
1
4
2
33
2
20
1
2
2
2
1
15
1
6
1
10
2
11
2
3
1
11
2
7
2
2
1
105
1
546
56
3
20
22
6
5
1
3
1
26
1
6
3
7
2
3
2
4
2
3
2
15
1
11
7
5
2
20
2
35
1
35
1
35
1
524
56
2
22
24
1
2
2
16
2
27
2
13
1
35
1
2
13
2
2
5
1
103
1
11
1
557
55
3
23
4
2
11
5
7
1
43
2
5
3
6
3
10
1
6
1
1
1
4
1
2
4
2
14
3
4
675
52
2
34
5
2
2
6
3
2
1
2
6
1
35
2
5
2
22
3
13
7
15
1
2
2
40
1
34
1
600
47
4
33
5
13
1
3
3
3
4
1
15
1
13
2
2
2
1
2
2
3
4
2
5
2
3
2
6
2
10
4
2
1
2
6
2
1
3
2
12
2
55
2
605
46
5
27
4
16
11
1
6
5
2
2
22
1
22
2
1
10
5
2
3
12
1
4
7
2
2
1
4
1
6
1
53
2
317
1
266
47
13
14
1
3
1
20
7
2
2
5
5
6
13
3
3
2
2
2
7
5
2
16
5
2
4
2
36
1
3
1
45
3
25
2
565
45
4
1
2
2
7
4
7
5
2
7
10
12
1
14
1
7
2
2
1
2
2
4
1
26
1
2
2
3
24
2
2
3
10
1
2
2
47
3
622
51
6
1
4
1
3
20
10
11
2
15
1
31
2
5
1
7
1
12
3
4
21
1
66
3
26
1
515
1
60
14
1
51
3
6
1
4
11
77
1
13
5
2
1
4
10
1
72
3
634
2
5
47
2
4
1
11
11
100
2
4
1
10
1
2
7
2
4
1
13
1
43
1
11
4
645
46
3
16
4
107
1
1
12
2
7
2
13
2
61
3
646
47
4
2
3
13
1
122
2
2
3
2
3
4
20
2
27
1
17
4
645
46
1
3
1
1
2
2
3
124
4
3
2
2
7
2
1
1
2
2
15
2
45
4
11
1
640
44
2
1
2
2
5
13
1
3
3
111
5
3
5
1
13
2
54
4
654
42
1
3
1
2
5
11
10
3
3
6
2
15
3
33
7
1
2
4
3
2
1
4
6
2
1
6
7
1
52
2
661
36
1
10
2
11
14
2
1
4
2
2
1
5
5
1
2
1
3
32
2
2
5
3
2
11
4
15
10
2
27
2
14
2
13
1
655
24
1
2
2
1
12
7
51
1
4
4
3
14
2
5
12
3
2
7
1
10
3
2
11
1
3
1
10
3
2
1
3
2
5
1
5
2
706
3
26
2
1
3
60
4
2
13
2
12
7
6
3
2
3
6
1
2
2
3
24
1
1
2
11
1
4
1
2
2
11
2
1024
6
2
20
10
1
2
1
6
12
4
7
6
1
2
2
10
2
12
3
1037
2
5
23
11
1
6
11
4
5
11
2
1
2
1
1
21
5
1030
2
4
1
5
26
6
2
12
3
2
3
15
4
1
2
4
1
15
5
1045
4
2
21
6
2
4
1
4
1
2
6
1
3
3
1
35
4
1045
5
5
20
3
1
13
1
15
1
2
3
7
1
20
5
1045
5
11
16
4
3
16
1
6
2
16
1
15
5
1044
5
15
14
26
3
36
6
1044
6
20
13
4
1
2
2
54
4
33
1
1013
5
23
10
13
2
3
1
44
4
762
1
64
4
25
10
12
1
4
1
3
1
37
5
16
2
56
2
746
5
26
10
11
1
50
5
271
1
553
6
27
11
60
1
1052
4
31
12
54
4
21
1
567
1
162
1
53
4
33
12
33
1
16
5
1050
3
35
11
13
1
35
5
1050
5
35
12
47
5
30
1
1020
3
37
12
37
1
6
4
7
1
1042
2
41
12
43
6
1116
13
40
7
11
1
1106
14
34
7
12
3
1105
13
33
10
17
1
1035
2
44
14
22
1
6
7
4
1
1051
1
47
14
25
7
1062
1
46
14
24
7
2
1
1127
22
13
7
26
1
1030
5
52
20
12
10
1057
6
53
17
1
2
4
10
4
1
26
2
1023
5
60
17
2
13
1056
7
57
33
61
1
774
6
63
30
11
1
1044
7
65
24
1040
1
17
6
66
23
306
2
547
7
73
1
2
14
306
2
547
7
100
7
307
4
547
6
104
3
311
3
545
7
421
1
547
6
421
2
547
6
1171
7
423
2
542
7
425
2
542
7
423
4
541
10
422
3
542
7
425
2
542
7
1170
7
1170
7
1171
6
203
2
763
10
531
1
271
1
144
7
1171
7
1170
7
434
2
127
1
65
1
314
6
426
1
7
2
532
6
424
3
511
2
27
11
165
2
232
4
542
7
42
1
126
7
223
2
544
6
166
2
2
14
215
3
10
3
527
10
67
1
100
24
207
3
11
2
253
1
250
1
2
7
173
24
3
2
214
2
527
7
173
34
742
6
172
2
2
1
2
30
202
3
534
6
171
10
2
33
167
3
6
2
532
5
173
11
2
33
165
2
1
2
537
6
175
10
10
25
2
2
161
3
541
4
176
11
1
2
6
1
2
24
5
2
154
2
4
1
253
2
255
5
200
11
14
25
3
7
146
2
4
1
533
5
200
11
20
37
134
3
544
4
203
6
25
3
1
7
1
7
1
7
1
3
126
5
544
2
207
5
24
4
1
37
121
4
1
3
505
1
33
3
206
7
4
1
26
40
665
2
211
6
3
1
6
4
14
1
2
2
3
33
663
2
210
6
14
1
10
3
4
1
5
37
105
4
535
1
10
3
212
4
11
1
31
2
2
36
104
1
4
2
536
4
212
6
4
1
15
1
16
2
4
34
104
1
13
2
215
1
311
3
213
6
22
1
31
34
71
2
551
2
216
4
43
2
16
31
107
2
747
4
31
1
17
1
15
27
73
1
10
1
753
4
27
3
14
2
4
2
11
1
2
27
635
1
215
5
45
7
17
32
72
1
754
5
1
2
37
1
5
3
24
31
51
1
14
1
754
4
44
3
2
2
2
1
26
27
57
1
763
3
5
1
7
2
24
2
3
4
32
31
617
1
216
4
7
4
1
2
4
1
17
1
35
1
10
27
1034
6
5
7
40
2
7
4
1
2
17
30
1031
5
3
7
42
5
4
1
5
4
20
27
104
1
720
20
42
2
1
2
4
3
6
5
2
1
15
26
451
1
351
4
1
2
2
3
30
1
13
3
4
2
2
1
15
1
20
25
1
2
574
3
123
1
2
4
65
5
2
7
6
1
21
1
11
2
11
1
2
2
4
1
2
2
25
26
572
2
107
3
6
13
71
1
2
5
4
1
3
1
3
1
16
2
10
2
6
3
11
6
3
2
20
32
564
4
67
13
1
27
71
2
2
1
10
1
4
2
47
2
5
4
3
2
7
2
13
30
562
4
67
43
75
1
15
2
14
2
16
2
12
3
5
1
17
2
1
2
13
24
563
7
51
2
2
50
66
2
63
2
4
3
2
2
13
6
2
6
1
2
15
25
556
5
47
60
64
7
7
2
7
2
60
3
17
2
1
2
23
17
1
3
552
7
44
52
6
1
64
13
1
2
13
1
37
1
23
1
11
2
36
20
553
7
40
51
2
11
65
2
3
2
1
4
13
2
1
2
6
1
4
2
1
2
7
2
26
1
13
2
5
2
2
1
24
20
551
11
36
47
1
14
65
1
10
1
20
5
3
5
2
2
25
1
11
2
12
3
14
2
2
1
22
20
545
10
2
1
31
47
1
17
75
3
4
1
3
1
2
3
2
6
1
12
34
1
4
1
10
3
4
3
11
1
23
20
22
1
522
13
27
44
2
21
62
1
4
2
2
1
6
2
14
15
2
1
2
2
1
11
3
2
17
1
6
4
2
3
2
2
1
2
35
14
545
17
23
33
1
6
2
21
64
3
4
3
10
2
2
1
2
43
13
2
20
4
1
4
1
4
2
5
13
3
13
11
547
16
22
26
6
4
3
21
65
1
5
1
6
65
1
5
1
1
12
3
7
15
3
3
3
10
15
7
353
1
174
16
21
11
5
2
22
16
67
3
12
77
15
3
3
21
7
2
15
1
10
3
160
1
370
16
20
7
31
16
100
2
2
2
1
31
2
10
1
36
2
3
6
2
4
5
1
6
1
6
2
3
11
2
342
1
226
16
16
4
4
5
7
27
102
2
1
27
2
6
10
2
1
3
4
1
2
25
2
3
13
4
1
22
2
1
4
2
3
6
564
14
22
45
102
23
15
1
2
2
4
1
15
11
1
26
5
4
2
1
5
12
1
2
2
2
3
2
2
3
4
1
564
13
17
46
104
7
3
4
2
2
53
1
2
1
3
23
7
1
12
2
2
10
4
1
2
4
5
2
2
2
563
10
1
1
17
43
2
6
74
2
3
4
1
6
72
6
3
3
1
4
3
3
13
4
6
5
1
2
2
1
3
1
2
4
1
2
177
1
42
2
320
1
3
1
21
44
1
11
5
1
73
2
111
17
3
1
17
2
7
6
3
1
7
2
235
3
3
4
321
3
16
42
2
23
214
2
4
3
21
3
2
10
6
2
3
2
235
10
2
2
316
5
16
42
1
27
223
2
20
2
1
4
7
4
1
4
233
23
3
2
3
1
300
6
16
41
2
35
212
2
13
2
7
2
16
5
233
27
306
5
25
1
2
12
1
17
3
40
244
1
6
3
44
1
166
23
2
7
302
3
47
17
5
40
177
1
4
1
30
1
11
2
233
36
7
2
267
4
51
23
3
42
217
1
2
1
12
1
2
2
230
1
2
40
1
2
273
4
53
30
2
42
211
1
17
3
233
42
1
2
2
1
266
5
56
33
2
47
1
2
144
2
215
1
63
3
1
43
2
2
265
4
63
31
4
45
4
3
442
50
1
2
2
2
260
3
67
35
2
47
1
6
433
1
5
46
7
1
251
4
76
32
1
1
3
62
152
2
2
1
251
3
1
36
2
5
2
1
251
6
103
35
2
62
1
2
424
45
5
2
244
4
107
35
3
67
167
1
37
1
151
4
13
46
4
2
240
7
114
32
5
67
1
4
126
1
240
7
2
2
1
2
4
40
2
2
246
6
121
34
3
1
2
70
362
20
7
1
2
42
4
2
233
6
126
36
20
1
2
55
7
1
342
22
6
50
235
5
140
31
2
1
2
16
5
2
4
44
345
25
4
2
1
41
1
5
3
1
223
6
143
32
1
24
1
4
2
3
4
42
2
1
2
2
324
34
7
40
2
2
230
4
147
66
1
2
1
2
2
55
33
1
24
1
235
33
2
1
4
42
3
2
224
3
154
72
1
2
7
45
2
3
305
37
7
35
2
5
226
1
165
73
4
1
2
33
1
12
1
2
301
37
7
43
417
11
7
5
4
7
1
32
1
4
4
22
1
22
247
2
30
40
7
43
1
2
220
2
2
1
173
2
22
3
2
2
3
40
11
2
2
1
10
13
1
2
4
1
20
2
220
2
31
42
6
46
2
1
215
4
5
1
233
40
2
2
2
1
5
2
4
1
3
3
2
1
4
2
233
5
2
1
30
1
3
37
2
2
14
35
1
2
210
1
2
11
240
36
3
6
2
1
10
1
13
1
4
2
220
2
1
14
3
2
27
37
3
1
7
4
1
33
12
1
200
1
3
14
242
2
3
4
1
33
2
3
246
20
3
2
30
43
5
4
1
2
2
27
2
1
3
1
202
2
3
17
245
44
1
3
24
2
212
34
26
41
14
4
1
25
215
17
263
22
1
6
2
1
234
34
3
2
3
2
13
2
1
41
3
1
2
4
2
33
34
2
2
1
6
1
135
1
3
21
2
2
256
1
4
2
2
5
1
13
2
6
2
1
133
1
70
45
2
1
24
31
20
26
2
3
16
2
1
6
2
5
11
2
11
1
124
16
2
7
55
1
216
4
1
4
2
7
4
2
216
47
1
3
1
4
16
33
1
2
6
32
1
3
20
16
2
2
1
2
146
11
1
12
46
4
245
2
1
4
156
2
31
65
15
2
1
33
4
1
2
11
2
25
6
23
2
5
15
1
6
1
122
2
2
1
4
16
40
4
2
2
245
2
5
7
201
56
1
2
1
3
21
32
5
1
5
2
6
27
3
33
1
10
1
4
2
2
14
2
120
16
35
11
1
2
247
2
5
2
200
73
1
2
2
1
5
1
4
30
16
3
1
70
1
2
3
4
4
4
1
2
1
2
110
1
16
17
27
14
410
1
54
2
2
2
2
2
1
66
11
25
7
1
6
2
3
102
5
11
131
15
25
13
1
2
4
1
475
67
10
25
1
2
6
1
5
2
2
115
2
3
1
1
5
2
1
2
2
2
75
1
11
2
1
15
17
14
5
1
475
2
1
70
2
1
7
32
1
2
2
1
4
2
1
117
2
1
4
7
2
1
110
3
2
2
1
6
20
12
6
2
467
7
2
74
11
27
2
2
2
1
6
3
2
134
120
11
11
13
6
1
466
7
5
3
4
67
11
31
11
2
1
121
1
16
66
1
30
14
2
1
1
11
6
2
6
1
460
14
13
73
7
24
4
1
3
4
2
137
121
2
1
11
2
6
7
1
6
1
6
1
263
1
167
13
2
1
27
53
2
3
4
2
1
17
6
3
2
145
124
17
34
1
445
15
30
57
11
17
3
5
2
147
122
1
4
11
33
1
447
15
13
1
14
2
2
2
2
4
1
50
6
12
10
2
2
1
2
2
2
31
1
107
72
1
6
1
6
5
14
6
5
5
4
1
4
2
333
1
124
11
36
2
2
1
2
55
7
2
3
2
11
22
1
13
2
11
2
100
76
5
1
6
2
4
10
4
3
3
4
3
2
1
430
1
37
7
26
4
7
1
6
2
1
2
2
50
13
1
2
1
4
1
4
7
2
2
1
10
1
4
15
45
1
33
52
1
15
3
3
6
3
6
7
1
10
2
1
4
2
1
306
1
164
4
11
3
44
1
2
2
11
3
2
33
7
2
12
10
1
2
3
4
2
2
2
7
2
1
4
7
2
22
1
13
1
34
54
1
6
13
1
15
2
3
6
3
5
7
12
1
464
2
16
1
40
2
22
2
1
30
5
2
22
1
13
2
7
2
11
1
4
2
3
7
2
26
1
13
1
16
45
1
7
2
2
11
1
6
2
10
6
2
5
2
4
1
3
3
1
2
2
2
513
1
7
2
36
1
15
33
4
2
3
1
10
1
50
1
6
3
2
2
1
21
1
6
1
4
2
20
53
1
2
2
3
17
3
2
11
2
5
2
4
1
1
3
2
5
4
1
502
1
17
1
53
33
7
4
7
1
1
1
2
1
40
1
6
4
11
2
5
12
2
10
2
2
5
12
51
2
6
3
4
1
6
2
27
3
6
1
4
2
2
1
502
4
16
5
53
31
2
1
4
2
3
2
62
1
13
2
7
20
2
2
1
2
3
13
46
3
6
3
2
2
3
2
15
1
17
1
17
1
17
1
457
14
2
1
4
2
7
2
52
2
3
21
5
2
2
1
2
2
5
2
62
1
13
23
1
2
1
2
2
15
54
4
10
2
10
1
26
1
17
1
4
1
470
17
3
1
61
1
11
4
1
11
11
3
4
5
63
5
17
17
1
2
4
13
46
10
3
2
2
3
6
2
11
1
6
1
524
22
1
4
6
1
67
15
4
1
4
1
27
2
40
6
5
1
3
3
2
16
2
1
11
13
50
10
2
1
6
6
10
2
20
1
15
4
467
32
6
1
30
3
10
1
15
1
4
2
3
7
6
10
46
1
15
6
1
2
2
2
11
3
2
3
4
1
6
1
3
14
42
12
7
2
62
2
11
3
457
40
30
12
10
2
14
13
51
2
14
3
6
7
2
2
16
7
3
2
13
12
43
1
5
6
13
1
20
2
4
3
6
7
13
1
465
47
24
2
4
1
17
1
2
2
11
3
6
3
10
1
11
1
10
2
7
7
5
22
51
11
46
10
2
2
5
1
4
4
2
1
4
5
2
7
5
6
1
6
2
1
471
47
35
2
5
2
2
1
15
16
20
2
2
1
4
5
6
1
4
25
2
1
50
11
44
3
4
2
7
1
11
6
5
3
2
4
1
7
2
2
5
2
2
1
5
1
467
51
2
3
31
2
6
5
1
2
3
10
2
5
2
3
6
1
4
1
6
5
4
3
4
2
3
24
2
1
51
11
44
7
16
2
2
1
2
11
5
3
5
2
1
2
4
1
4
1
13
2
1
1
236
2
76
2
33
1
64
60
25
2
7
2
2
3
6
1
4
4
1
12
21
1
4
4
2
1
2
2
2
2
3
4
1
4
2
5
1
2
30
1
21
12
42
3
2
2
15
1
4
14
4
1
26
1
476
1
4
57
2
2
24
1
2
2
1
2
11
16
35
2
2
3
4
5
1
13
10
1
50
14
42
2
1
2
14
2
3
6
1
6
6
1
22
5
4
2
1
2
474
60
30
1
2
2
6
1
1
3
2
7
3
2
26
3
5
3
5
3
2
11
63
13
42
1
16
21
27
1
6
1
13
3
240
1
231
2
1
15
1
44
13
1
2
2
3
3
7
1
6
12
26
3
2
2
5
2
4
1
2
4
3
2
5
2
4
1
53
15
41
5
2
4
2
16
6
1
22
1
4
2
14
2
477
3
2
1
2
1
7
43
4
1
13
13
10
4
2
3
4
1
50
11
7
1
55
36
24
2
2
1
1
14
46
4
4
1
2
2
513
2
2
3
4
42
3
1
12
1
3
3
3
2
2
1
4
2
25
3
3
1
6
2
115
40
23
1
2
11
40
1
4
2
2
5
513
1
6
11
5
44
1
4
1
2
30
1
2
2
14
2
2
3
10
1
2
2
6
1
2
1
12
1
4
1
2
2
37
1
15
44
17
11
44
1
332
1
200
17
10
37
1
3
26
2
22
1
10
1
20
4
13
1
2
3
3
1
57
43
16
11
53
3
523
24
5
3
1
33
63
4
5
2
15
1
2
2
15
1
61
44
13
7
44
2
3
3
310
1
123
1
72
30
6
1
1
33
33
1
14
1
6
7
2
1
13
1
3
1
11
4
7
1
57
45
13
4
41
2
4
2
1
2
4
1
402
1
120
34
3
2
7
11
1
10
4
1
46
1
11
5
6
1
1
1
6
5
2
1
2
2
73
44
14
7
11
1
27
2
4
1
4
2
527
4
1
30
2
1
2
1
4
6
1
7
6
2
54
2
5
2
17
3
3
2
75
10
2
33
15
12
40
3
535
3
4
34
10
1
2
5
4
3
60
2
2
2
2
1
6
1
5
1
2
1
10
1
2
3
66
7
11
24
16
20
27
2
267
1
224
2
15
13
6
33
5
2
1
4
2
1
4
2
53
1
2
2
20
2
2
2
11
1
4
1
70
1
3
1
16
23
14
1
5
12
7
1
2
1
10
1
325
1
206
1
1
15
6
34
3
6
60
2
5
2
4
6
3
1
2
2
107
1
31
20
33
1
12
2
3
5
14
1
7
2
505
20
11
30
1
1
6
3
6
1
54
1
2
5
13
1
4
2
136
22
31
2
11
5
4
1
264
2
47
1
173
25
10
30
2
2
1
3
74
3
26
1
126
22
25
5
5
3
2
1
337
1
2
2
174
34
6
16
2
3
3
1
2
3
17
1
46
1
3
5
7
3
17
1
77
1
24
40
2
12
4
6
1
1
540
35
2
2
2
1
2
16
2
5
66
1
2
2
2
1
4
2
1
2
6
1
103
1
4
1
3
1
25
61
527
1
14
41
11
3
2
2
7
1
4
2
6
1
60
2
5
1
6
2
11
1
103
3
31
57
1
1
266
2
254
44
12
1
14
1
6
1
61
2
1
2
4
1
2
2
4
1
1
1
146
54
547
47
4
2
13
2
66
1
11
5
1
1
5
1
4
1
145
51
551
46
26
1
75
1
13
1
153
40
477
1
57
1
5
44
10
1
62
1
4
2
5
2
4
1
22
2
151
27
2
1
12
1
31
1
305
1
220
2
2
32
1
1
2
2
110
6
7
2
7
2
163
11
2
2
326
1
2
1
3
1
62
1
160
37
22
1
70
1
2
1
3
1
253
2
11
1
333
2
75
1
73
2
1
36
111
6
16
2
2
1
222
1
234
1
324
2
2
27
14
2
73
12
2
2
256
3
546
24
12
2
73
1
7
2
1033
1
3
1
2
15
14
1
77
5
1
10
2
2
1024
1
3
3
1
7
11
1
104
2
3
2
